[Abby.jpg]
filters=enhance=1;autolight=1;autocolor=1;Soften=1,47.368423,84.210526;
moddate=5b0b74433cf4cf01
width=480
height=480
textactive=0
[Heli.jpg]
filters=enhance=1;autolight=1;Orton=1,25.000000,50.000000,23.976608;
moddate=75e7934a3bf4cf01
width=720
height=720
textactive=0
[Ryan.jpg]
filters=Orton=1,25.000000,50.000000,11.695907;
moddate=9aea047a3bf4cf01
width=772
height=773
textactive=0
[Gio.jpg]
filters=Orton=1,25.000000,50.000000,11.111112;
moddate=256e8e083cf4cf01
width=256
height=256
textactive=0
